GenePairs,frac.of.var.tissue,frac.of.var.species,frac.of.var.residual
FAM71E1_Fam71e1,0.27543998590804,0.672808332231209,0.0517516818607516
MYBPC2_Mybpc2,0,0,1
RCN3_Rcn3,0.270036042532509,0.491612995038817,0.238350962428674
ARFGEF3_Arfgef3,0.677092467247942,0.0718010703850568,0.251106462367001
LACTB_Lactb,0,0,1
TRIAP1_Triap1,0,0.581634307206235,0.418365692793765
TRPV5_Trpv5,0.748788225650592,0.00425030807371746,0.24696146627569
ZNF574_Zfp574,0.153704289382037,0.819024865823671,0.027270844794292
RABGGTB_Rabggtb,2.64833041732482e-09,0.513795559338958,0.486204438012712
PPOX_Ppox,0.0226309630348546,0.930789703519075,0.0465793334460708
FKBP11_Fkbp11,0.247428028029356,0.162856601524844,0.5897153704458
HDX_Hdx,0.205901208556854,0.468591768895481,0.325507022547665
RND1_Rnd1,0.446308473145754,0.131266347349501,0.422425179504745
LENEP_Lenep,0.0295366866854534,0.20175805941847,0.768705253896076
SYCP2_Sycp2,0.345175143963326,0.540357581697436,0.114467274339238
ZNF598_Zfp598,0.0518448093032615,0.913845546072811,0.0343096446239273
CACNB3_Cacnb3,0.368427103011994,0.473557263970393,0.158015633017613
COX20_Cox20,6.09340734760164e-10,0.880361855672352,0.119638143718308
APOBEC4_Apobec4,0.865547476744603,1.89029830313919e-09,0.134452521365099
COLGALT2_Colgalt2,0.214467639279505,0.133065739965815,0.65246662075468
THBS4_Thbs4,0.381071450235655,0,0.618928549764345
ZNF507_Zfp507,0.293469961760351,0.0766334945546238,0.629896543685025
CCDC24_Ccdc24,0.411771300206942,0.309422237178722,0.278806462614335
RPS18_Rps18,0.435946384151182,0.143153851211497,0.420899764637321
TSEN15_Tsen15,0.119690745220013,0.73520627602333,0.145102978756657
TMEM218_Tmem218,0.221681931689687,0.104820366423084,0.67349770188723
GET1_Wrb,0.0261094050207203,0.854609605602172,0.119280989377107
DHRS1_Dhrs1,0.0192349703613651,0.940013901947578,0.0407511276910571
SLC6A4_Slc6a4,0.31065877586988,0.451165828654284,0.238175395475835
VPS52_Vps52,0.043344589576665,0.901630313192295,0.05502509723104
CRYZ_Cryz,0.739886541149475,0.0268757698619099,0.233237688988615
DCAF5_Dcaf5,0.326611769300743,0.315368199992132,0.358020030707125
SHC1_Shc1,0.697598110353353,0.147034898967337,0.155366990679311
C1orf21_1700025G04Rik,0.167618751795769,0.542068553669612,0.290312694534619
DPY19L3_Dpy19l3,0.692485441548977,0.0556509410816197,0.251863617369403
FAM161A_Fam161a,0.600140621248011,0.0823419237020679,0.317517455049921
EDEM3_Edem3,2.00988885824389e-07,0.477216001357512,0.522783797653602
RASEF_Rasef,0.276127909883632,1.51893675394927e-08,0.723872074927
ITLN1_Itln1,0.31974009467794,0.504926548157653,0.175333357164407
TYW3_Tyw3,0,0.252717446246553,0.747282553753447
FGR_Fgr,0.458601875569878,0.265824109840935,0.275574014589188
NIBAN1_Fam129a,0.61955354956183,0.155377343008617,0.225069107429553
PHF19_Phf19,0.318469131803696,0.441874562481687,0.239656305714617
ILF3_Ilf3,0.566010629401528,0.21732401039372,0.216665360204752
RNF2_Rnf2,0.602785694248531,0.0189576399228444,0.378256665828625
LHX8_Lhx8,0.140494757693477,0.538264403104234,0.321240839202289
TEAD2_Tead2,0.579201239468272,0.0189136400811015,0.401885120450626
GALNT16_Galnt16,0.603595103317092,8.45026909676831e-08,0.396404812180217
TRMT1L_Trmt1l,0.0449322199877277,0.0482603266876428,0.90680745332463
TSTD1_Tstd1,0.222732172263644,1.20747334489254e-07,0.777267706989021
USP10_Usp10,1.73203055993776e-09,0.885891130561904,0.114108867706066
F11R_F11r,0.42342363566756,0.379078866334919,0.197497497997521
HTR2B_Htr2b,0.107184146508289,0.400631094195154,0.492184759296556
SWT1_Swt1,0.474570110533887,0.0417607462925373,0.483669143173576
TXLNB_Txlnb,0.600209383822592,0,0.399790616177408
EMC10_Emc10,0.0042291038155359,0.9729661610752,0.0228047351092646
MTX1_Mtx1,0.0250497427573583,0.963917404705634,0.011032852537008
H2AZ1_H2afz,0.131619685493765,0.780691149582477,0.0876891649237581
SLC44A1_Slc44a1,0.215142120076748,0.0153398503219033,0.769518029601349
VPS37C_Vps37c,0.143908794221153,0.826458622111756,0.0296325836670902
RPS27L_Rps27l,0,0.485320587431888,0.514679412568112
IFNGR1_Ifngr1,0.184492789879152,0.606679883584775,0.208827326536073
TMEM17_Tmem17,0.157970895915493,0.387917292317924,0.454111811766583
ADM2_Adm2,0.510456231783425,0,0.489543768216575
AL159141.1_Rin3,0.370524767511634,0.228785188938961,0.400690043549404
GRIK5_Grik5,0.14962945711645,0.690107590777174,0.160262952106376
PYGO2_Pygo2,0.248146656870428,0.473886605745429,0.277966737384144
SLC6A9_Slc6a9,0.168236664653284,0.749418155928803,0.0823451794179125
PMVK_Pmvk,0,0,1
RABAC1_Rabac1,0.0153143572557271,0.951808653761645,0.0328769889826272
POLR1C_Polr1c,0.0517916352906998,0.874269708352696,0.0739386563566044
CMYA5_Cmya5,0.423780535347729,0.222172232527713,0.354047232124558
APOA1_Apoa1,0.584041960761404,4.17854135428004e-08,0.415957997453182
EBF1_Ebf1,0.721906182142586,3.83336416687167e-07,0.278093434520998
USP45_Usp45,0.159446051583769,1.63479036389997e-07,0.840553784937195
EP400_Ep400,0.10676799642323,0.839835950714575,0.0533960528621951
PLEKHM2_Plekhm2,0.385780122553688,0.510555445286336,0.103664432159976
PUS1_Pus1,0.0462367504168269,0.849418663868935,0.104344585714238
ALDH6A1_Aldh6a1,0.474639066788874,0.140631835724202,0.384729097486924
HOMER1_Homer1,0.452829271461771,0.0848966137329848,0.462274114805244
ULK1_Ulk1,7.95668988921996e-05,0.916974473030205,0.0829459600709024
COQ6_Coq6,0.0306107645829936,0.939056403497756,0.0303328319192503
MAP2K6_Map2k6,0,0.231538499448922,0.768461500551078
QSOX1_Qsox1,0.0914868789552375,0.67927656481685,0.229236556227913
MTFR2_Mtfr2,0.753734327129142,6.90690163771122e-11,0.246265672801789
TOR1AIP1_Tor1aip1,0.196837371935195,0.415354509388704,0.387808118676101
ZNF641_Zfp641,0.0646165683237282,0.362131841712446,0.573251589963826
LRRIQ3_Lrriq3,0.819894706056788,1.38586215791672e-08,0.180105280084591
GFER_Gfer,0.0694615395897633,0.822179333184492,0.108359127225745
IFT81_Ift81,0.525190698788788,1.62313564752653e-09,0.474809299588076
WDR34_Wdr34,0.191140139794726,0.602921823251517,0.205938036953757
BRSK1_Brsk1,0.476860954880985,0.401702750094963,0.121436295024052
TRAF2_Traf2,0.118714600264446,0.762834047041781,0.118451352693773
MMS22L_Mms22l,0.382129885197479,0.397388536386528,0.220481578415993
C5orf52_4921536K21Rik,0.428038858293882,0.342129268471508,0.229831873234609
FASTKD3_Fastkd3,0.0122517862598452,0.562456154161557,0.425292059578598
PTPRB_Ptprb,0.513690889749963,4.41473746961065e-08,0.486309066102662
LYST_Lyst,0.550091249020312,0,0.449908750979688
NDUFAF4_Ndufaf4,0.127875771653513,0.699919522000713,0.172204706345774
NSD1_Nsd1,0.0448978444801477,0.627356046647059,0.327746108872793
FUT9_Fut9,0.584865320461525,0.162825959910613,0.252308719627862
CRP_Crp,0.760396872474246,0.057656969057385,0.181946158468369
C1orf43_4933434E20Rik,7.03600814413543e-10,0.630023948964221,0.369976050332179
CLCN2_Clcn2,0.0574065217829172,0.871437140872375,0.0711563373447078
IRF2BP2_Irf2bp2,0.311257973554408,4.43268269523057e-09,0.688742022012909
GSTM3_Gstm5,0.531311475898823,0.141362759114276,0.327325764986901
SQSTM1_Sqstm1,0.0151630807712224,0.889220662076493,0.0956162571522845
EPS8L3_Eps8l3,0.707588116557211,0.130100765316279,0.16231111812651
UBC_Ubc,0,0.908770613847874,0.0912293861521254
SIPA1L2_Sipa1l2,0.552765536546314,0,0.447234463453686
OLFM3_Olfm3,0.777089736648569,3.05663559660316e-09,0.222910260294796
ZSCAN18_Zscan18,0.478511513423824,0.218789471831625,0.302699014744551
GSTM4_Gstm4,0,0.771702969923624,0.228297030076376
CEP41_Cep41,0.550622576429699,0.304023166683904,0.145354256886397
TCL1A_Tcl1,0.0756568174857675,4.62548208563895e-08,0.924343136259412
GCDH_Gcdh,0.0931008504637247,0.799327720548374,0.107571428987901
KLHL20_Klhl20,0.236433489583465,0.156950743784457,0.606615766632078
TENT5B_Tent5b,0.699116588171927,1.46131637438751e-09,0.300883410366757
NCOR2_Ncor2,0.245674375736486,0.671293926599067,0.0830316976644476
MAML1_Maml1,0.661067475795781,0.0276662750512465,0.311266249152972
FAM89A_Fam89a,0,0.515081284128137,0.484918715871863
EBPL_Ebpl,0.203620832615731,0.668199159282655,0.128180008101614
TGFB1_Tgfb1,0.778561185242456,3.26889605635988e-09,0.221438811488648
DNASE2_Dnase2a,0.446105729136597,0.040993146371378,0.512901124492025
KCNN4_Kcnn4,0.253198174157378,0.464275854127044,0.282525971715578
METTL18_Mettl18,2.7013786604159e-08,0.80291876923761,0.197081203748604
SALL2_Sall2,0.434766861020663,0.0426585026066204,0.522574636372717
CDHR2_Cdhr2,0.414490373329871,0,0.585509626670129
GADD45A_Gadd45a,0,1.62877885508914e-09,0.999999998371221
STAMBP_Stambp,0.259164614683092,0.286490265998677,0.454345119318232
GLE1_Gle1,0.266667802299542,0.156561458903074,0.576770738797384
KLHL8_Klhl8,0.214691934706293,2.69347971645911e-09,0.785308062600228
FAIM2_Faim2,0.679849728152741,3.99932885015452e-08,0.32015023185397
FAM71D_Fam71d,0.614188327980383,0,0.385811672019617
NPR1_Npr1,0.287972662150721,0.343889881181164,0.368137456668114
USP34_Usp34,0.44228954311909,0,0.55771045688091
MRPL24_Mrpl24,0,0,1
ALG11_Alg11,4.49985686055404e-11,0.775271438567637,0.224728561387364
GCFC2_Gcfc2,0.11252154145476,0.60958731465889,0.27789114388635
DPT_Dpt,0.654006288532052,0,0.345993711467948
OXGR1_Oxgr1,0.374640920458816,0.228550520520563,0.396808559020622
INIP_Inip,0.522759109337301,0.114608831145868,0.362632059516832
MCL1_Mcl1,0.375478139761911,0.22841170515014,0.396110155087949
KMT5A_Kmt5a,0.0141131394507284,0.941462350437328,0.044424510111944
RNF44_Rnf44,0.0666356810980191,0.901429863657742,0.0319344552442391
EGFL7_Egfl7,0.0905119989281444,0.788010256766968,0.121477744304887
PREX2_Prex2,0.314332666126245,0,0.685667333873755
LMBRD2_Lmbrd2,0.170690907743179,0.223499086838776,0.605810005418045
VWC2_Vwc2,0.812379190990689,7.88920812073571e-08,0.187620730117229
ADAMTSL4_Adamtsl4,0.422230233463972,0.212449696090486,0.365320070445542
RILPL2_Rilpl2,0.313345015222166,0.561496990593946,0.125157994183888
RPH3A_Rph3a,0.576354861129294,0.121776873082439,0.301868265788267
ZPBP_Zpbp,0.723293873762874,0.0709582873457801,0.205747838891346
COMMD10_Commd10,0,0,1
DYNC1I1_Dync1i1,0.589074812404938,2.88795335758978e-08,0.410925158715529
CCDC181_Ccdc181,0.571084682335462,0.22952302464093,0.199392293023608
CCT2_Cct2,0.40808607400804,0.0836422103501843,0.508271715641776
SLC2A5_Slc2a5,0.31091180709117,0.390510358198303,0.298577834710527
SNRNP35_Snrnp35,0.0722505281935841,7.2003049339577e-05,0.927677468757076
FBRS_Fbrs,0.377901842699171,0.549595173349597,0.0725029839512328
RILPL1_Rilpl1,0.260247557933291,0.539231443884912,0.200520998181797
MBNL2_Mbnl2,0.228826028879735,4.35799092943277e-07,0.771173535321172
NME7_Nme7,0.42666480977447,0.286504912741372,0.286830277484158
MRPL19_Mrpl19,0.00735346526406102,0.8144704716993,0.178176063036639
EIF2S1_Eif2s1,0.0855957930152229,0.621244357838975,0.293159849145802
ZC3HAV1L_Zc3hav1l,0.800574791754947,6.91887969543742e-10,0.199425207553165
THEGL_Thegl,0.551883019994087,0.0748311718994275,0.373285808106486
STAMBPL1_Stambpl1,0.421950001264906,0.359198076863271,0.218851921871823
PAICS_Paics,0.0570911620517836,0.821361375988474,0.121547461959742
GOLGB1_Golgb1,0.125531750679488,0.5507985468492,0.323669702471312
MPP5_Mpp5,0.228137636439928,0.606454547438484,0.165407816121587
INPP5B_Inpp5b,0.0408373095552675,0.835543008183998,0.123619682260735
HDGF_Hdgf,0,0,1
PPP1R3B_Ppp1r3b,0.262504611007205,0.197418950470246,0.540076438522549
FAM81A_Fam81a,0.690174252013443,0.0835457818304283,0.226279966156129
CSF1_Csf1,0.535373891309071,9.16828540448171e-06,0.464616940405525
MGAT4B_Mgat4b,0.0172909539505421,0.700971070367799,0.281737975681659
RTL3_Rtl3,0.106423413703717,0.331948772381634,0.561627813914649
MINAR1_Minar1,0.166848949518475,0.15484183932353,0.678309211157995
MAST2_Mast2,0.131230498066029,0.825131668550339,0.0436378333836317
TENT4A_Tent4a,0.239546317811758,0.465280341123396,0.295173341064846
SETDB1_Setdb1,0.211584365542043,0.43696493501686,0.351450699441097
FAM131A_Fam131a,0.374734195918015,0.515325636405742,0.109940167676243
GPN2_Gpn2,0.0371047748784402,0.771006437129317,0.191888787992243
CUL9_Cul9,0.0822213394700314,0.880303861896819,0.0374747986331493
GPBP1L1_Gpbp1l1,0.389059555380736,0.206264044443359,0.404676400175905
GNPAT_Gnpat,0.170707096605641,0.557268024698668,0.272024878695691
PINK1_Pink1,0.00246253484519408,0.957877471217215,0.0396599939375912
PGBD5_Pgbd5,0.0534096188973975,0.144051240985336,0.802539140117266
TULP4_Tulp4,0.09811742621766,0.856305271667615,0.0455773021147248
LEKR1_Lekr1,0.188542825987159,0.065677250586033,0.745779923426807
KLF1_Klf1,4.75561180453042e-09,0.474865656168344,0.525134339076044
GPD2_Gpd2,0.119917393959192,0.0496667095330157,0.830415896507793
TBX19_Tbx19,0.125575534035483,0.489395735452861,0.385028730511656
PAPLN_Papln,1.81511650423472e-08,0.0696791045968911,0.930320877251944
KLHL42_Klhl42,0.346929679167984,1.10362888152733e-06,0.653069217203135
TRIO_Trio,0.130923622644542,0.803686017671139,0.0653903596843192
FAS_Fas,2.94676505861616e-06,0.452001180771019,0.547995872463922
LYRM2_Lyrm2,0.0814898410702344,0.441529230138381,0.476980928791385
NXPE4_Nxpe4,0.128542095493825,0.573036120189787,0.298421784316388
PPAT_Ppat,0.0487069334606766,0.332551741724885,0.618741324814439
COL17A1_Col17a1,0.411353198692855,0.190539529405558,0.398107271901587
CTDSPL_Ctdspl,0.248445506429781,6.46861986431133e-09,0.751554487101599
HSPA12B_Hspa12b,0.714604178367002,0.0389138117318842,0.246482009901114
SKOR1_Skor1,0.529514450749916,0,0.470485549250084
LINGO4_Lingo4,0,0.0257138860590616,0.974286113940938
ATP7B_Atp7b,0.472885221856511,1.08225768246263e-08,0.527114767320912
CELSR2_Celsr2,0.218043116152802,0.473547563120822,0.308409320726376
SLC35A3_Slc35a3,0.114733368718098,0.467218458353051,0.418048172928851
APC2_Apc2,0.279132768927802,0.480169909598162,0.240697321474036
WDR82_Wdr82,0.633898132991853,1.2805801236737e-08,0.366101854202345
CXorf56_C330007P06Rik,0.145627805769447,0.132168408621376,0.722203785609178
EHMT1_Ehmt1,0.00118614410741863,0.929594447517104,0.0692194083754771
MGAM_Mgam,0.112942511146406,0.175629395707517,0.711428093146076
LRIT3_Lrit3,0.171442973090859,0.0476811908385027,0.780875836070639
XRCC1_Xrcc1,0.181984229768874,0.787963216333017,0.0300525538981088
BHLHB9_Bhlhb9,0.595435160700228,4.64380494058173e-10,0.404564838835392
SPACA1_Spaca1,0.563683386299411,0.311126667630637,0.125189946069952
AASDH_Aasdh,5.21194171757025e-10,0.68561304697798,0.314386952500826
RAB15_Rab15,0.0549400677999838,3.84759643764525e-09,0.94505992835242
RBM25_Rbm25,0.289181488707105,0.239879624634194,0.470938886658701
SH2B3_Sh2b3,0.364130128542193,0.38743066404266,0.248439207415146
PIGT_Pigt,0.0129099243540899,0.941938483848176,0.0451515917977337
MEA1_Mea1,0.276780059067459,0.609424533820179,0.113795407112362
RAB25_Rab25,0.546640822415734,0.0502193909062527,0.403139786678013
VASH1_Vash1,0.617465811405649,0.0280163922591391,0.354517796335212
IL31RA_Il31ra,0.0148100017399273,0.109241583604272,0.875948414655801
USP53_Usp53,0,0.529216279997031,0.470783720002969
DHRS7B_Dhrs7b,0.0410900967679915,0.856020885867,0.102889017365008
PRRC2B_Prrc2b,0.336133110821382,0.450303440368296,0.213563448810322
CEP85_Cep85,0.0928030619716828,0.746832231612135,0.160364706416183
HPS5_Hps5,0.0344334541770603,0.128941590760643,0.836624955062297
CHTF8_Chtf8,0.241754393439295,0.456011381352769,0.302234225207936
IL5_Il5,0.257073619480475,1.065745559558e-08,0.74292636986207
ICMT_Icmt,0.477022632787141,1.24396095587456e-09,0.522977365968898
PHC2_Phc2,0.266175150635677,0.364995309124064,0.368829540240259
STN1_Stn1,0.408289428844594,2.78822307411727e-06,0.591707782932332
AKAP5_Akap5,0.375916515130438,0,0.624083484869562
RWDD1_Rwdd1,0.171739678437836,0.689856763576143,0.13840355798602
RHOT1_Rhot1,0.391440657907693,0,0.608559342092307
CNKSR1_Cnksr1,0.337743734330667,0.117215869348642,0.545040396320691
RAB3GAP2_Rab3gap2,0.148577800545246,0.579321477420129,0.272100722034625
PGAP4_Tmem246,0.296485348290357,0.390056423141441,0.313458228568202
CREBRF_Crebrf,0.221110915676133,0.315572603809364,0.463316480514503
ZNF687_Zfp687,0.179992538329414,0.768448160026016,0.0515593016445702
CLEC9A_Clec9a,4.89854211952837e-17,0,1
TWF2_Twf2,0.398376704159405,0.420678536493747,0.180944759346849
DAZAP1_Dazap1,0.126202467600276,0.86372268249956,0.0100748499001646
LIN28A_Lin28a,0.715106965495049,0.0705333871194091,0.214359647385542
LCA5_Lca5,0.524757734895321,0.334306695822104,0.140935569282575
SLC22A3_Slc22a3,6.76003920988949e-08,0.107145365587011,0.892854566812597
MYOCD_Myocd,0.639274498850773,0.0027748916509784,0.357950609498249
CALHM2_Calhm2,0.781825154291573,8.14503270574444e-10,0.218174844893924
NTF3_Ntf3,0,2.68368165471389e-07,0.999999731631834
PIP5K1A_Pip5k1a,0.606637397693539,0.07073030917362,0.322632293132841
HEATR3_Heatr3,0,0.550684159334952,0.449315840665048
PLXDC1_Plxdc1,0.265152599427367,0.335437973921274,0.399409426651359
NCKAP5_Nckap5,0.235422662710624,0.351965019626614,0.412612317662762
COX19_Cox19,0.00569939198220511,0.97032817352762,0.0239724344901747
EXOC1_Exoc1,0.410709481399414,0.292827751655127,0.296462766945458
VPS26A_Vps26a,0.10322466385973,0.558032562407883,0.338742773732387
SHD_Shd,0,0.692396769827909,0.307603230172092
LPAR2_Lpar2,0.740909439494958,0.0881138977023824,0.17097666280266
PAQR7_Paqr7,0.120064961516463,0.663873081087019,0.216061957396517
TTYH1_Ttyh1,0.36391498814591,0.586390604784315,0.0496944070697742
TMEM231_Tmem231,0.554883677254093,0.356910738632914,0.0882055841129938
HTRA1_Htra1,0.0936515201098834,0.0433429609708696,0.863005518919247
BTBD19_Btbd19,0.0421613609002545,0.622691568310075,0.33514707078967
TAF5_Taf5,0.463957525501853,0.151365346480645,0.384677128017502
APOB_Apob,0.590749293000076,0,0.409250706999924
TSPAN5_Tspan5,0.55784961397688,0.295751506144097,0.146398879879023
FBXO11_Fbxo11,0.513033060804785,0.00669680702047718,0.480270132174738
CNFN_Cnfn,0.0256192959240712,0.00204963779818442,0.972331066277744
FAM174B_Fam174b,0.114475078521659,0.179968660546905,0.705556260931436
NCOA3_Ncoa3,0.26517408258071,0.317828146958901,0.416997770460389
NDUFA13_Ndufa13,0.0051281102530677,0.95617142703898,0.0387004627079519
BZW1_Bzw1,0.172828640424304,0.448401812384709,0.378769547190987
MRM3_Mrm3,0,0,1
FIGNL2_Fignl2,0.13065745107443,0.798324801589737,0.0710177473358329
MTUS2_Mtus2,0.351831180967773,0.431774076098223,0.216394742934004
PCLO_Pclo,0.802319304294468,2.91682984864882e-09,0.197680692788702
DOK1_Dok1,0.626418894658106,0.0695505224105948,0.304030582931299
SLC5A12_Slc5a12,0.693335630915656,5.8260388474736e-11,0.306664369026083
PLXNA2_Plxna2,0.229459204216665,0.30738164431851,0.463159151464824
GLOD4_Glod4,4.72172646879962e-07,0.108524847227934,0.89147468059942
CDH3_Cdh3,0.368031840967857,0.000206559792221583,0.631761599239922
MSRB2_Msrb2,0.22132501351021,5.94405491531038e-08,0.778674927049241
SPHK1_Sphk1,0.432297928742987,0.302236708745861,0.265465362511152
FBXW11_Fbxw11,0.199307501972714,0.134162601139607,0.666529896887679
TAF6L_Taf6l,0.144549756432689,0.690908872602802,0.164541370964509
NUBPL_Nubpl,0,0,1
MAOA_Maoa,0.120853830648225,0.700832438024414,0.178313731327361
TAB3_Tab3,9.43518326641508e-10,0.335951219972922,0.66404877908356
CXCL17_Cxcl17,0.532422414192389,0,0.467577585807611
FUBP1_Fubp1,0.195586943546301,0.669107645818872,0.135305410634827
DAP3_Dap3,2.46930416954989e-07,0.629661778415805,0.370337974653778
RNF34_Rnf34,0.586762956398828,0.0297138366382333,0.383523206962939
KDM2B_Kdm2b,0.101710362359531,0.817192706138383,0.0810969315020862
UBE4B_Ube4b,0.00879939246650697,0.855809835219722,0.135390772313771
BEGAIN_Begain,0.271851526643879,0.467973907177814,0.260174566178307
RBP7_Rbp7,0.26321380869313,0.576682426794449,0.16010376451242
WARS1_Wars,0.258691340126661,0.180820391335177,0.560488268538162
ST6GALNAC3_St6galnac3,0.231842479967194,0.233219170094034,0.534938349938771
SLC50A1_Slc50a1,0.0823253311270347,0.764468301975854,0.153206366897111
LGMN_Lgmn,0.263464938959556,0.563947866263843,0.1725871947766
NR1H2_Nr1h2,0.0774595552028824,0.876527031492502,0.0460134133046157
NXF3_Nxf3,0.632364785835193,0.0456038897646901,0.322031324400117
NMNAT1_Nmnat1,0.154899997676992,0.678697479372562,0.166402522950446
ACADS_Acads,0.156032714545959,0.666871676766591,0.17709560868745
LLCFC1_Llcfc1,0.68895383511675,7.02217412273912e-11,0.311046164813028
FLT3LG_Flt3l,0.0258023943069814,0.851335442340463,0.122862163352556
MREG_Mreg,0,0,1
CPSF2_Cpsf2,0.105675205700675,0.636445253227714,0.257879541071611
MSI1_Msi1,0.356564149934713,0.363644963115771,0.279790886949516
SIRT4_Sirt4,0,0.799686828239388,0.200313171760612
DCST2_Dcst2,0.513135495538528,0.139200702703452,0.347663801758021
CRISPLD2_Crispld2,0.620560448054918,0.0618212822154559,0.317618269729626
ZBTB7B_Zbtb7b,0.192111000400905,0.555681297789564,0.25220770180953
NLRP3_Nlrp3,0.462922381787546,0.184873349869407,0.352204268343047
EVL_Evl,0.091681712201201,0.692046865797798,0.216271422001001
TFB2M_Tfb2m,0,0,1
IQSEC3_Iqsec3,0.663804658996139,0,0.336195341003861
IZUMO2_Izumo2,0.947584490411788,6.10791624643073e-05,0.052354430425748
RING1_Ring1,0.37168158614399,0.275524226893815,0.352794186962195
FBLIM1_Fblim1,0.608264577773087,0,0.391735422226913
DESI2_Desi2,0.0636368756952373,0.352631284895839,0.583731839408924
NECAP1_Necap1,0.24154729818709,0.622113774929208,0.136338926883701
ARL4D_Arl4d,0.324817529823909,7.46821300626564e-09,0.675182462707878
FAM161B_Fam161b,0.713597227449129,5.65250642348423e-09,0.286402766898364
SRRM4_Srrm4,0.197919841123152,0.526858367849712,0.275221791027136
MMP17_Mmp17,0.381126984235537,0.486526702592702,0.132346313171761
UBE2Q1_Ube2q1,0.587743980677262,0.0233578049499812,0.388898214372757
ENTPD5_Entpd5,0.29278240639662,0.6020366153588,0.10518097824458
SFSWAP_Sfswap,0.0613042843464555,0.910116657524355,0.0285790581291897
CRH_Crh,0.803775690071567,0,0.196224309928433
PDE7B_Pde7b,0.0584327211991057,0,0.941567278800894
VEPH1_Veph1,0.717704823466681,0.104786083407176,0.177509093126143
ABCC10_Abcc10,0.0664231494733145,0.837997347872469,0.0955795026542164
CLSTN1_Clstn1,0.796733807444889,0,0.203266192555112
MAMDC4_Mamdc4,0,0.529251900903199,0.470748099096801
C5orf30_D1Ertd622e,0.325191577076119,0.278361043448325,0.396447379475556
NAV3_Nav3,0.792676663692706,0.005508893653721,0.201814442653572
ZFYVE26_Zfyve26,0,0.906426652288724,0.0935733477112756
TNFAIP8L1_Tnfaip8l1,0.405386453057238,0,0.594613546942762
MYDGF_Mydgf,0.724497198810123,0,0.275502801189877
P3R3URF_1700042G07Rik,0.740936087421976,0.0330396964224942,0.22602421615553
AHCYL1_Ahcyl1,0.864450968609537,0.0181605225182293,0.117388508872234
A1BG_A1bg,0.632234639073593,0.00224280332229285,0.365522557604114
CGAS_Cgas,0.300168780084261,0.495096672583107,0.204734547332631
S1PR1_S1pr1,0.263520372043126,7.32269901405881e-09,0.736479620634175
FAM214B_Fam214b,0.0353240223456325,0.83591208181782,0.128763895836548
FAM220A_Fam220a,0.359426092594081,0.0919985362359484,0.54857537116997
EZR_Ezr,0.184871076184632,0.330812315903249,0.484316607912119
NDNF_Ndnf,0.177316726337943,0.290055631558062,0.532627642103995
ACACA_Acaca,0,0.633062819956978,0.366937180043022
TRPV4_Trpv4,0.176949834162767,0.456306549100769,0.366743616736465
RPS27_Rps27rt,0.0157518800608255,0.657512841892529,0.326735278046645
AKT1S1_Akt1s1,0.0350846022405972,0.87349084307992,0.091424554679483
ACOT7_Acot7,0.126194133787688,0.777692794072957,0.0961130721393552
PLXNB2_Plxnb2,0.116322106689887,0.818163082965443,0.0655148103446697
PARP6_Parp6,0.17733302166659,0.486092914803339,0.336574063530072
TMEM141_Tmem141,0,0.717281938006533,0.282718061993467
PNKP_Pnkp,0.0618285096460654,0.898604621169802,0.0395668691841327
BACH2_Bach2,2.2124787791458e-09,0.170203358081432,0.829796639706089
THPO_Thpo,0.318438566282305,0.376876618384967,0.304684815332728
SNX31_Snx31,0.522926393952096,0,0.477073606047904
VAT1L_Vat1l,0.66967054205523,0.066044322228554,0.264285135716216
TSPAN17_Tspan17,0.258515433338999,0.402536685119781,0.33894788154122
SKP2_Skp2,0.205960109617532,6.94810534424085e-09,0.794039883434363
MAFK_Mafk,0.31178117368017,0.408733729734821,0.279485096585009
ERICH4_Erich4,0.0112175853268776,3.54880777724141e-10,0.988782414318242
APOBEC1_Apobec1,0,0.947687912982563,0.0523120870174365
GPR157_Gpr157,0.598067506870308,0,0.401932493129692
GNG12_Gng12,0.244951866898498,0.374186458423884,0.380861674677618
WLS_Wls,0.310515943126168,0.0900845376920203,0.599399519181812
CSGALNACT2_Csgalnact2,0.111967754093339,0.734933543897286,0.153098702009376
RBL1_Rbl1,0.543668751227636,0.0264748113690678,0.429856437403296
GATAD2A_Gatad2a,0.261370293859871,0.682793772447696,0.0558359336924335
GRK2_Grk2,0.0964256410954265,0.7393199886431,0.164254370261473
MCOLN3_Mcoln3,0.668056689890267,0.0846884642239397,0.247254845885794
CCDC32_Ccdc32,0.0961896867148883,0.663377560664022,0.24043275262109
GMNC_Gmnc,0.0978611223009218,2.04428494066565e-08,0.902138857256229
DTD2_Dtd2,0.539654144443548,0,0.460345855556452
TUBB_Tubb5,0.363000248144215,0.223533787161587,0.413465964694198
TBX15_Tbx15,0,0.327277499520533,0.672722500479467
BAHCC1_Bahcc1,0.189434475993638,0.748473719265969,0.0620918047403935
CDK17_Cdk17,0.572965756790989,3.27164968347633e-09,0.427034239937361
PPM1G_Ppm1g,0.657528579346711,0.281099983803935,0.0613714368493538
HAL_Hal,0.763561162085561,0.0875284493842252,0.148910388530214
PCDHGA10_Pcdhga10,0.200415525428725,0.0907200881605694,0.708864386410706
LRMP_Lrmp,0.0742477111104085,0.575546675157772,0.350205613731819
SLC45A3_Slc45a3,0.00957316082979049,0.462737578226358,0.527689260943851
KIF16B_Kif16b,0.181702224728227,0.602092297938315,0.216205477333458
PCDHGB2_Pcdhgb2,0.236412666753461,0.615868366062643,0.147718967183896
EPB41L5_Epb41l5,0.746460915231619,8.58969555568901e-09,0.253539076178685
IL1B_Il1b,0.0945560569112164,1.56145423431552e-06,0.905442381634549
TSEN34_Tsen34,0.0147726283190953,0.862519766317813,0.122707605363092
CAMKK1_Camkk1,0.754356823577561,1.51399819868171e-08,0.245643161282457
LGALS4_Lgals4,0.235474657878216,0.630348869693439,0.134176472428345
CCM2_Ccm2,0,0.935299642813046,0.0647003571869544
RPL4_Rpl4,0.0476031978484285,0.750108117696329,0.202288684455242
RNF157_Rnf157,0.686541551316158,0.067844282060391,0.245614166623451
FAM229B_Fam229b,0.569746241770322,0.138503876318815,0.291749881910863
GSK3B_Gsk3b,0.480520490957367,4.38242299568376e-09,0.51947950466021
ZBTB8OS_Zbtb8os,0,0.498274185233661,0.501725814766339
KNSTRN_Knstrn,0.441424389360633,0.104445137034071,0.454130473605296
EMP2_Emp2,0.683108916927708,8.57155561624491e-10,0.316891082215137
DBP_Dbp,0.0406635602545278,0.87882605169037,0.0805103880551024
WNT10B_Wnt10b,0.374534945976834,0.230985782178663,0.394479271844503
POGLUT3_Kdelc2,0.265647266816349,0.551623920234391,0.18272881294926
ABTB2_Abtb2,0.143109360340537,0.707569445503,0.149321194156464
MEIS3_Meis3,0.266225551777885,0.60125862514742,0.132515823074694
HTR4_Htr4,0.2930387051769,0.0115483173155491,0.695412977507551
SPATS2L_Spats2l,1.40895175606776e-06,0.367033070856882,0.632965520191362
GM2A_Gm2a,5.24527327297532e-08,0.602743289025454,0.397256658521814
ADARB1_Adarb1,0.359607072526718,0.137921016379362,0.50247191109392
BTG2_Btg2,0.43052108920822,0.310616582775649,0.25886232801613
EVI5_Evi5,0.0268487814393573,0.698577142162659,0.274574076397984
CDCA7L_Cdca7l,0.23805685604695,0.102237595901786,0.659705548051264
CHRM2_Chrm2,0.815860295951175,1.23309032077998e-09,0.184139702815735
SP7_Sp7,0.37416148870354,0.314924125084528,0.310914386211932
SEMA4D_Sema4d,0.284103845687645,0.299803049744093,0.416093104568262
RNF146_Rnf146,0.443704231103135,0.144697176048004,0.411598592848861
MTPN_Mtpn,0.0421503028765502,0.178342127722677,0.779507569400772
TMCC3_Tmcc3,0.339514707696858,0.197049527935219,0.463435764367924
RSPO3_Rspo3,0.0733948660752849,0.213438139903931,0.713166994020784
DRAP1_Drap1,0.130327383648328,0.798303628219813,0.0713689881318592
KANK3_Kank3,0.0720500974422787,0.844377554453311,0.08357234810441
FAM83E_Fam83e,0.510932975745741,0.305040014112567,0.184027010141692
SOX10_Sox10,0.795668720108907,0.0466096467986084,0.157721633092484
SHARPIN_Sharpin,0.0130137340182501,0.910401452916735,0.0765848130650145
TNFRSF12A_Tnfrsf12a,0.147398489877023,0.336057023783993,0.516544486338983
TPST2_Tpst2,0.012360627120295,0.685013053941855,0.30262631893785
PIP4K2C_Pip4k2c,0.388520299247376,0.295695707018802,0.315783993733822
FOSL1_Fosl1,0.183692801831616,0.16778693723358,0.648520260934803
SLC34A2_Slc34a2,0.495041851234839,0.0417177539967786,0.463240394768383
INPP5J_Inpp5j,0.471779510419955,0.394635514643976,0.133584974936069
PRPF4B_Prpf4b,0,0.011001292030349,0.988998707969651
PCYT1B_Pcyt1b,0.791972596402883,0,0.208027403597117
HIVEP3_Hivep3,0.196889847445902,0.655587792489323,0.147522360064776
CAAP1_Caap1,0,0.578566875813828,0.421433124186172
KLF11_Klf11,0.131224175034729,0.371836300131122,0.496939524834149
DMRT2_Dmrt2,0.28766925908241,0.114235676078011,0.598095064839578
PCSK9_Pcsk9,0.400699013262458,0.189773178433646,0.409527808303895
SIPA1_Sipa1,0.299843335587976,0.610186776136113,0.0899698882759102
AKT1_Akt1,0.059665110693052,0.886526279050925,0.0538086102560234
SPPL2B_Sppl2b,0.038481336762366,0.924971107114419,0.0365475561232147
CCL5_Ccl5,0.389885324295495,0.195021571492868,0.415093104211637
N4BP2L2_N4bp2l2,0.0181135743893887,0.0576183816641891,0.924268043946422
MYOM2_Myom2,0.665526681473587,0.0607251190526457,0.273748199473767
IPO9_Ipo9,0.0586324217069102,0.881399671233247,0.0599679070598428
C14orf39_4930447C04Rik,0.328967565178216,1.81525133379971e-06,0.67103061957045
KLK11_Klk11,0.719515799965786,2.2039636459405e-06,0.280481996070568
ANKRD37_Ankrd37,0.200989122809167,0.168227552913998,0.630783324276835
LAPTM5_Laptm5,0.744105190815264,0,0.255894809184735
UQCRC1_Uqcrc1,0.0609989190134026,0.908010300648234,0.0309907803383637
GOLGA7B_Golga7b,0.715909095087784,0.0609567510360633,0.223134153876152
SRP68_Srp68,0.0797790449010329,0.838681840073668,0.0815391150252991
FTCD_Ftcd,0.71695408948131,3.13353324868776e-11,0.283045910487355
POGLUT1_Poglut1,0.0436035208709398,0.58181268395823,0.37458379517083
STRN4_Strn4,0.0590815176323735,0.905513739304619,0.0354047430630074
NR5A2_Nr5a2,0.420218728445099,0,0.579781271554901
KCNQ4_Kcnq4,0.275379847018364,0.549297222401113,0.175322930580523
ATPAF1_Atpaf1,0.181958584859071,0.216028067060131,0.602013348080798
KLHL15_Klhl15,0.435683041324896,0,0.564316958675104
DNAJC17_Dnajc17,0.0344846887012905,0.571219216363098,0.394296094935611
SETBP1_Setbp1,0.214382193428547,0.33431561311029,0.451302193461163
BMP3_Bmp3,0.411628370920981,0.150248108689606,0.438123520389414
EPM2AIP1_Epm2aip1,0.641735480471526,0.0249342342565723,0.333330285271901
SIN3A_Sin3a,0.135167221504519,0.817532958297889,0.0472998201975916
SPATA16_Spata16,0.942990140587775,1.02388664967061e-07,0.0570097570235605
ZFYVE28_Zfyve28,0.400342218870812,0.0767266719618458,0.522931109167343
SH3BP5_Sh3bp5,0.0368297842255573,0.623691410527343,0.3394788052471
PLEKHB1_Plekhb1,0.323341974509739,0.388915039116822,0.287742986373439
NMBR_Nmbr,0.435981768254906,0.28778729207552,0.276230939669574
CTXN1_Ctxn1,0.286754974424635,0.536125167354971,0.177119858220394
TRIML2_Triml2,0.918607625222886,0.00341882880450961,0.0779735459726044
WWC1_Wwc1,0.33035923438667,0.514127422656225,0.155513342957105
PTGFR_Ptgfr,0.299011342716607,0.0770065886249262,0.623982068658467
EAF2_Eaf2,0.0322610945248701,0.503484496068345,0.464254409406785
KRCC1_Krcc1,0,0.789807946189401,0.210192053810599
MMP11_Mmp11,0.187852944246414,0.682279596427113,0.129867459326472
SUCLG2_Suclg2,0.582087040087622,0.160040921512412,0.257872038399966
FKBP10_Fkbp10,0.66117048207797,0.101921068406462,0.236908449515568
KBTBD8_Kbtbd8,0.15673504378281,0.25991589459407,0.58334906162312
NFKBID_Nfkbid,0.36287653029244,0.344266256879232,0.292857212828328
STOX2_Stox2,0.504659542027761,0,0.495340457972239
ERI2_Eri2,0.282564592756251,0.244659944157614,0.472775463086135
SEC23B_Sec23b,0.206130090013469,0.509949533124773,0.283920376861758
ACSM3_Acsm3,0.309616849365901,0.0266394781867246,0.663743672447374
FYCO1_Fyco1,0.294734839656965,0.018187866743597,0.687077293599438
ACIN1_Acin1,0.0849426743898884,0.846730149243308,0.0683271763668037
CTNNBL1_Ctnnbl1,0.531717742550255,0,0.468282257449744
MARCHF8_March8,5.34605607052527e-11,0.839015225078985,0.160984774867554
RASSF3_Rassf3,0.206086362675799,1.03447905530583e-09,0.793913636289722
PHC3_Phc3,0.275878710173061,0.624157398583159,0.0999638912437801
TENT5A_Tent5a,0.168127206825809,0.319650062734449,0.512222730439743
TDRD9_Tdrd9,0.481601040557431,0.211862557854136,0.306536401588433
MYF6_Myf6,0.20014461346818,3.91367947584361e-07,0.799854995163872
SEC14L3_Sec14l3,0.285176159211039,0.341540197540797,0.373283643248165
ZBTB11_Zbtb11,0.352438804327268,0.407567413801015,0.239993781871717
SMCO3_Smco3,1.55369124418063e-09,0.337920575792061,0.662079422654248
ZNF791_Zfp791,0.013894917926402,0.900732532183936,0.085372549889662
SNX12_Snx12,0.083351697865194,0.53606402696959,0.380584275165216
FBLN7_Fbln7,0.00597459306633262,0.235976878479869,0.758048528453798
MGP_Mgp,0.601377348411052,0.0737365817185096,0.324886069870438
ANKRD52_Ankrd52,0.0320224228314371,0.761866784740077,0.206110792428486
POU2F3_Pou2f3,0.621775398113261,0.0850840481135342,0.293140553773204
BTN2A2_Btn2a2,3.95357845854063e-11,0.884643457950944,0.11535654200952
CDK5R1_Cdk5r1,0.822124142571032,0.00767837598938722,0.17019748143958
XPO7_Xpo7,0.102081338142545,2.77026556965638e-10,0.897918661580428
SPACA9_Spaca9,0.504282827461573,4.92954484235223e-08,0.495717123242978
PDCD4_Pdcd4,0,0.478951154468451,0.521048845531549
DLL1_Dll1,0.523825444474231,0.110773445784332,0.365401109741438
ARHGDIG_Arhgdig,0.153087657102002,0.490172608147883,0.356739734750115
COG3_Cog3,0,0,1
WDR78_Wdr78,0.828085674641762,1.65541388722862e-09,0.171914323702824
NDUFA10_Ndufa10,0.0738391683406292,0.859134031230175,0.0670268004291958
INPP4B_Inpp4b,0.391279496396022,0.245270718237797,0.363449785366181
IQCB1_Iqcb1,0.323177077333862,0.312930398598587,0.363892524067551
AK8_Ak8,0.722441930003681,0.0104716333059067,0.267086436690413
AP3M1_Ap3m1,0,0.499493284486468,0.500506715513532
CAMKV_Camkv,0.616320955654208,0.212454167545687,0.171224876800105
CENPJ_Cenpj,0.684806763817446,6.04237617747985e-09,0.315193230140178
TEKT3_Tekt3,0.639404308519038,0.0885655975841807,0.272030093896781
HLF_Hlf,0.308083148120518,3.32861417434469e-08,0.69191681859334
TP63_Trp63,0.314993588889798,0.0301518824101559,0.654854528700046
CDC45_Cdc45,0.233301498368593,0.647360924143455,0.119337577487952
CEP164_Cep164,0.170315587815731,0.818667899249415,0.0110165129348545
ERO1A_Ero1l,0.144894298604614,0.634114136813133,0.220991564582252
AP3M2_Ap3m2,0.822880769215001,1.16115445965074e-07,0.177119114669553
TXNL1_Txnl1,0.105171219503711,0.522159989558479,0.37266879093781
CADM1_Cadm1,0.41262345899604,0.161545370112746,0.425831170891214
AXL_Axl,0.560795702554901,0.195507079265996,0.243697218179103
TMEM163_Tmem163,0.300332410792224,0,0.699667589207775
HSDL2_Hsdl2,0.325475406660919,0.426529203339537,0.247995389999544
PKM_Pkm,0.281411087609909,0.667995547488689,0.0505933649014027
ZNF608_Zfp608,0.810773311556954,0.0489590436044219,0.140267644838624
SNX9_Snx9,0.514731579114931,0.161723091685215,0.323545329199855
ELF4_Elf4,0.876267040207143,5.22895903852851e-07,0.123732436896954
CHRM1_Chrm1,0.447161440651072,0.446280224005823,0.106558335343105
GPATCH4_Gpatch4,0,0.488744335175465,0.511255664824535
TTC24_Ttc24,0,0,1
TOMM22_Tomm22,0.0682492549927754,0.0693890891382731,0.862361655868951
S100A8_S100a8,0.118151091871744,0.742376123097953,0.139472785030302
YRDC_Yrdc,0.0947609265005202,0.753892256176525,0.151346817322954
UNG_Ung,0.0943597030593054,0.536901018569792,0.368739278370902
SYN1_Syn1,0.511640580187711,0.0323354008284137,0.456024018983875
GOT1L1_Got1l1,0.401274041893671,0.388980687060416,0.209745271045913
CRNN_Crnn,0,0,1
C1orf54_BC028528,0.180387776290619,0,0.819612223709381
LRRC52_Lrrc52,0.770399739274385,0.0713625221422848,0.15823773858333
APH1A_Aph1a,0.258054201042451,0.479227172827086,0.262718626130463
NR4A2_Nr4a2,0.22777896039663,0.285202034414212,0.487019005189158
CCDC81_Ccdc81,0.583614581402022,0,0.416385418597978
RXRG_Rxrg,1.49320355801879e-09,0.488917783087844,0.511082215418953
PTBP3_Ptbp3,0.637538847920861,0.019711232823092,0.342749919256047
EGF_Egf,0.527643186368931,0.33664955726949,0.135707256361579
SUPT7L_Supt7l,0.16296547068294,2.0885669450768e-09,0.837034527228493
SLC25A36_Slc25a36,0.834485864016848,5.3270596931575e-11,0.165514135929881
ATP6V1E2_Atp6v1e2,0.238685662424142,0.463341182500631,0.297973155075227
SASS6_Sass6,0.294846167451557,0.000503543410387472,0.704650289138056
FUS_Fus,0.0538642633462156,0.850104433107919,0.0960313035458653
GFRA1_Gfra1,0.0748906089169166,0.291340820855367,0.633768570227716
PDE1C_Pde1c,0.470381234601202,0.102598879777348,0.42701988562145
FOXO3_Foxo3,0.10292297072896,0.611835926035554,0.285241103235486
CDT1_Cdt1,0.0718038249436969,0.806619214118467,0.121576960937836
AKAP8_Akap8,0.0777336932356307,0.839108156904252,0.0831581498601176
DIP2C_Dip2c,0.170252148295831,6.41391445671718e-06,0.829741437789713
APEX2_Apex2,0.447296712004163,0,0.552703287995837
PRDM4_Prdm4,0.383517064292815,0.254025631936778,0.362457303770408
SLC25A43_Slc25a43,0.0982188639560826,0.667289970351137,0.234491165692781
PRRT4_Prrt4,0.413376249320142,0.384568893764863,0.202054856914995
LYPD3_Lypd3,0.507622312137361,0.00374231496811674,0.488635372894523
TYRO3_Tyro3,0.654558266013522,0.153483379261081,0.191958354725397
TEX101_Tex101,0.844135309641018,0,0.155864690358982
GPX2_Gpx2,0.097405554646812,9.9583068465578e-09,0.902594435394881
HCN2_Hcn2,0.197099856663116,0.484819391068492,0.318080752268392
RBM28_Rbm28,0.00969043598465887,0.400871766261984,0.589437797753357
SVOPL_Svopl,0.0461541576485613,0.478107020519832,0.475738821831607
TBC1D12_Tbc1d12,0.523928765932085,0.120430978944214,0.355640255123701
UPP1_Upp1,0.277108095331543,0.101048031900368,0.621843872768089
RGL3_Rgl3,0.12626708760232,0.751256105884071,0.12247680651361
C1RL_C1rl,0.409183981315848,0.431322153145637,0.159493865538515
CUX2_Cux2,0.0776236161998445,0.687426593646593,0.234949790153563
FABP2_Fabp2,0.467798664691532,6.00848925497268e-07,0.532200734459543
H2BC18_Hist2h2bb,0.0677788550967445,0.492830901743478,0.439390243159777
SLC15A3_Slc15a3,0.603771325000947,0.0202394711513191,0.375989203847734
TNFRSF14_Tnfrsf14,0.331608098533248,0.354015341267348,0.314376560199404
NAGA_Naga,0.0723475568788534,0.831475139617143,0.0961773035040039
IL17F_Il17f,0.126504661598227,0.20480158373805,0.668693754663722
MADCAM1_Madcam1,0.271760022199602,0,0.728239977800398
A3GALT2_A3galt2,0.0904519269994583,0.676106485036931,0.23344158796361
CD96_Cd96,0.141543417783015,0.228771049292818,0.629685532924167
MDM2_Mdm2,0.0182201727285327,0.799057038189043,0.182722789082424
PAIP2_Paip2,0.663158329394538,1.34232080190664e-10,0.33684167047123
PI4KB_Pi4kb,0.0865436472632185,0.702039205541775,0.211417147195006
TSC22D3_Tsc22d3,0.244944571016033,1.55405981418744e-07,0.755055273577985
DOCK10_Dock10,0.380661948726328,1.28760997557376e-09,0.619338049986062
PSD2_Psd2,0.577981919794862,0.170083278778148,0.251934801426991
SOCS3_Socs3,0.326261432609345,0.541107897566408,0.132630669824247
MFSD10_Mfsd10,0.137331046468428,0.801379235023703,0.0612897185078697
PEX6_Pex6,0.0410857809707644,0.889411442899162,0.0695027761300741
LONRF3_Lonrf3,0.443964958021677,0.0612087855157152,0.494826256462607
SLC30A10_Slc30a10,0.556058643527367,0,0.443941356472632
SNX7_Snx7,0.251910295411489,0.00480595935441061,0.7432837452341
C7orf50_3110082I17Rik,0.26939191290645,0.204765977840149,0.525842109253401
CRACD_C530008M17Rik,0.363532111747391,0.293644101991191,0.342823786261418
LANCL2_Lancl2,0.652502579517819,1.82710579253171e-08,0.347497402211124
ADAMTS7_Adamts7,0.104426031043172,0.807965188590737,0.0876087803660907
SYT10_Syt10,0.385674857025429,0,0.614325142974571
EGR4_Egr4,0.784554738099018,0.0718804636769968,0.143564798223986
NRDC_Nrd1,0.33908139359543,1.74337408237243e-07,0.660918432067162
RLF_Rlf,0.115703759542619,0.680877915379902,0.203418325077479
ERGIC1_Ergic1,0.0272595662285959,0.880961841101039,0.0917785926703648
ZSWIM5_Zswim5,0.544460032792068,0.178655743409367,0.276884223798565
PNN_Pnn,0.0925570150373754,0.569741686833338,0.337701298129286
